CLASSIFICATION: kmeans_GMM2 
 
 # CV training metrics: per fold 
Support Vector Machines with Radial Basis Function Kernel 

377 samples
 20 predictor
  2 classes: 'LowToMod', 'ModToHigh' 

No pre-processing
Resampling: Cross-Validated (5 fold, repeated 10 times) 
Summary of sample sizes: 301, 302, 301, 303, 301, 301, ... 
Addtional sampling using up-sampling

Resampling results across tuning parameters:

  sigma  C    logLoss     AUC        prAUC      Accuracy   Kappa      F1         Sensitivity  Specificity  Pos_Pred_Value  Neg_Pred_Value  Precision  Recall   
  0.05   0.2  0.13791595  0.9857260  0.9231412  0.9371147  0.7884144  0.8262248  0.8820513    0.9481260    0.7875792       0.9760804       0.7875792  0.8820513
  0.05   0.4  0.09631754  0.9920536  0.9346138  0.9580728  0.8517870  0.8769266  0.8961538    0.9704096    0.8655444       0.9793829       0.8655444  0.8961538
  0.05   0.6  0.08200433  0.9940109  0.9389086  0.9636661  0.8697521  0.8914653  0.8961538    0.9771070    0.8946125       0.9795552       0.8946125  0.8961538
  0.05   0.8  0.07103777  0.9950992  0.9412336  0.9694908  0.8889499  0.9071267  0.8991026    0.9834716    0.9212567       0.9802361       0.9212567  0.8991026
  0.05   1.0  0.06922600  0.9949812  0.9407475  0.9694801  0.8883832  0.9064991  0.8962821    0.9841014    0.9250634       0.9797152       0.9250634  0.8962821
  0.05   1.2  0.06598072  0.9955884  0.9424834  0.9755784  0.9096947  0.9241626  0.9056410    0.9894931    0.9500716       0.9816420       0.9500716  0.9056410
  0.05   1.4  0.06702788  0.9954996  0.9427588  0.9745330  0.9049036  0.9199276  0.8929487    0.9907885    0.9559531       0.9792190       0.9559531  0.8929487
  0.05   1.6  0.06491541  0.9961252  0.9438281  0.9750593  0.9067137  0.9214200  0.8916667    0.9917307    0.9604429       0.9789202       0.9604429  0.8916667
  0.05   1.8  0.06691972  0.9954069  0.9425976  0.9745189  0.9041037  0.9190773  0.8835897    0.9926728    0.9653953       0.9774179       0.9653953  0.8835897
  0.05   2.0  0.06648126  0.9956675  0.9431467  0.9732065  0.8985413  0.9142778  0.8725641    0.9933231    0.9672318       0.9752764       0.9672318  0.8725641
  0.06   0.2  0.12802025  0.9868497  0.9251969  0.9405639  0.7970604  0.8328005  0.8757692    0.9535177    0.8032315       0.9749024       0.8032315  0.8757692
  0.06   0.4  0.09657234  0.9917662  0.9343295  0.9580905  0.8515226  0.8766117  0.8867949    0.9723297    0.8751942       0.9775683       0.8751942  0.8867949
  0.06   0.6  0.08014776  0.9936897  0.9384990  0.9657959  0.8762803  0.8966978  0.8932051    0.9802765    0.9066801       0.9789660       0.9066801  0.8932051
  0.06   0.8  0.07595426  0.9942628  0.9397439  0.9692346  0.8870604  0.9053097  0.8929487    0.9844240    0.9263351       0.9791296       0.9263351  0.8929487
  0.06   1.0  0.07037004  0.9952034  0.9415554  0.9710838  0.8924486  0.9095263  0.8848718    0.9882386    0.9439863       0.9776422       0.9439863  0.8848718
  0.06   1.2  0.06809197  0.9953711  0.9421204  0.9740066  0.9028214  0.9181432  0.8916667    0.9904659    0.9537822       0.9789133       0.9537822  0.8916667
  0.06   1.4  0.06878472  0.9954396  0.9425185  0.9745259  0.9033038  0.9182599  0.8801282    0.9933282    0.9662514       0.9767951       0.9662514  0.8801282
  0.06   1.6  0.06830628  0.9953912  0.9424405  0.9721505  0.8934923  0.9097830  0.8626923    0.9939631    0.9695478       0.9734907       0.9695478  0.8626923
  0.06   1.8  0.06866259  0.9953671  0.9424405  0.9734733  0.8986678  0.9141768  0.8660256    0.9949053    0.9756737       0.9741391       0.9756737  0.8660256
  0.06   2.0  0.06677384  0.9958205  0.9432311  0.9737400  0.9011524  0.9165960  0.8803846    0.9923554    0.9631813       0.9768038       0.9631813  0.8803846
  0.07   0.2  0.12752416  0.9857577  0.9234902  0.9410936  0.7986219  0.8340334  0.8757692    0.9541577    0.8055733       0.9749302       0.8055733  0.8757692
  0.07   0.4  0.09532432  0.9918505  0.9348073  0.9567606  0.8451794  0.8710183  0.8738462    0.9732821    0.8760407       0.9750827       0.8760407  0.8738462
  0.07   0.6  0.08349617  0.9935429  0.9378597  0.9641960  0.8703469  0.8916974  0.8884615    0.9793344    0.9019270       0.9780216       0.9019270  0.8884615
  0.07   0.8  0.07689114  0.9940753  0.9391541  0.9676381  0.8807630  0.8999395  0.8788462    0.9853763    0.9302277       0.9763041       0.9302277  0.8788462
  0.07   1.0  0.07031847  0.9950965  0.9416954  0.9731996  0.8973341  0.9129757  0.8691026    0.9939631    0.9706677       0.9747818       0.9706677  0.8691026
  0.07   1.2  0.06794349  0.9953780  0.9420292  0.9742593  0.9013688  0.9164062  0.8708974    0.9949206    0.9739265       0.9750399       0.9739265  0.8708974
  0.07   1.4  0.06971906  0.9953574  0.9421886  0.9729294  0.8959384  0.9117160  0.8625641    0.9949104    0.9756384       0.9735652       0.9756384  0.8625641
  0.07   1.6  0.07084340  0.9954090  0.9422367  0.9729435  0.8952450  0.9109740  0.8566667    0.9961905    0.9800793       0.9723690       0.9800793  0.8566667
  0.07   1.8  0.07083274  0.9953602  0.9421472  0.9710802  0.8887281  0.9055818  0.8547436    0.9942857    0.9713380       0.9720165       0.9713380  0.8547436
  0.07   2.0  0.07309798  0.9954066  0.9424836  0.9718767  0.8907980  0.9070986  0.8485897    0.9964977    0.9828348       0.9708892       0.9828348  0.8485897
  0.08   0.2  0.12641538  0.9852600  0.9228901  0.9440305  0.8069896  0.8406051  0.8742308    0.9579826    0.8193886       0.9747294       0.8193886  0.8742308
  0.08   0.4  0.09248392  0.9915221  0.9342095  0.9602311  0.8572457  0.8810094  0.8788462    0.9764772    0.8907925       0.9760554       0.8907925  0.8788462
  0.08   0.6  0.08135083  0.9939531  0.9385332  0.9652628  0.8725667  0.8931736  0.8726923    0.9837788    0.9235599       0.9750542       0.9235599  0.8726923
  0.08   0.8  0.07515696  0.9944427  0.9399630  0.9689679  0.8839044  0.9022119  0.8694872    0.9888786    0.9448468       0.9745379       0.9448468  0.8694872
  0.08   1.0  0.07396805  0.9951294  0.9416308  0.9713470  0.8908082  0.9075742  0.8674359    0.9920533    0.9605696       0.9744269       0.9605696  0.8674359
  0.08   1.2  0.07263616  0.9951608  0.9418521  0.9716065  0.8904457  0.9069701  0.8547436    0.9949206    0.9751182       0.9720550       0.9751182  0.8547436
  0.08   1.4  0.07199693  0.9952130  0.9418319  0.9724066  0.8931440  0.9091676  0.8594872    0.9949155    0.9740595       0.9730148       0.9740595  0.8594872
  0.08   1.6  0.07279135  0.9952877  0.9419733  0.9716312  0.8901251  0.9066024  0.8519231    0.9955504    0.9767972       0.9714763       0.9767972  0.8519231
  0.08   1.8  0.07293316  0.9953297  0.9421979  0.9734698  0.8967753  0.9121656  0.8547436    0.9971377    0.9854101       0.9720989       0.9854101  0.8547436
  0.08   2.0  0.07462140  0.9953117  0.9421919  0.9708207  0.8867065  0.9036420  0.8421795    0.9965028    0.9822733       0.9696404       0.9822733  0.8421795
  0.09   0.2  0.12575433  0.9864367  0.9238497  0.9432269  0.8038603  0.8379626  0.8693590    0.9579724    0.8181640       0.9737576       0.8181640  0.8693590
  0.09   0.4  0.09098832  0.9918261  0.9341368  0.9578486  0.8486167  0.8737838  0.8741026    0.9745622    0.8813599       0.9751426       0.8813599  0.8741026
  0.09   0.6  0.08116866  0.9937346  0.9384089  0.9652521  0.8702312  0.8907331  0.8598718    0.9863236    0.9330872       0.9727028       0.9330872  0.8598718
  0.09   0.8  0.07768299  0.9942602  0.9397950  0.9684312  0.8803187  0.8988391  0.8567949    0.9907937    0.9535748       0.9721951       0.9535748  0.8567949
  0.09   1.0  0.07404557  0.9948014  0.9408753  0.9710908  0.8887191  0.9055741  0.8505128    0.9952381    0.9753743       0.9710997       0.9753743  0.8505128
  0.09   1.2  0.07439541  0.9951160  0.9415230  0.9713470  0.8887838  0.9054058  0.8498718    0.9955556    0.9777373       0.9711761       0.9777373  0.8498718
  0.09   1.4  0.07571836  0.9950510  0.9415003  0.9710873  0.8869199  0.9036098  0.8421795    0.9968203    0.9838861       0.9697258       0.9838861  0.8421795
  0.09   1.6  0.07947222  0.9950189  0.9415091  0.9692206  0.8802300  0.8980607  0.8373077    0.9955556    0.9770340       0.9687532       0.9770340  0.8373077
  0.09   1.8  0.07769199  0.9951103  0.9416482  0.9705645  0.8855842  0.9026405  0.8406410    0.9965079    0.9829987       0.9693682       0.9829987  0.8406410
  0.09   2.0  0.07576429  0.9954591  0.9423465  0.9708206  0.8863790  0.9032925  0.8434615    0.9961905    0.9810842       0.9699967       0.9810842  0.8434615
  0.10   0.2  0.12118202  0.9860660  0.9236287  0.9469535  0.8144939  0.8463475  0.8708974    0.9621198    0.8307347       0.9741707       0.8307347  0.8708974
  0.10   0.4  0.09212254  0.9914383  0.9335453  0.9610241  0.8578471  0.8810424  0.8691026    0.9793292    0.9009946       0.9743181       0.9009946  0.8691026
  0.10   0.6  0.08190212  0.9935188  0.9380992  0.9676416  0.8781608  0.8971887  0.8598718    0.9891961    0.9466842       0.9727874       0.9466842  0.8598718
  0.10   0.8  0.07598490  0.9947709  0.9410112  0.9710802  0.8886833  0.9055345  0.8534615    0.9945929    0.9726224       0.9717174       0.9726224  0.8534615
  0.10   1.0  0.07643384  0.9949605  0.9413427  0.9681505  0.8768567  0.8953847  0.8373077    0.9942857    0.9703130       0.9686592       0.9703130  0.8373077
  0.10   1.2  0.07868282  0.9952067  0.9418776  0.9684206  0.8770679  0.8953402  0.8373077    0.9946032    0.9722671       0.9687738       0.9722671  0.8373077
  0.10   1.4  0.08097157  0.9951848  0.9418421  0.9678977  0.8740878  0.8926012  0.8244872    0.9965079    0.9825408       0.9664035       0.9825408  0.8244872
  0.10   1.6  0.07766599  0.9950765  0.9416305  0.9689750  0.8786303  0.8965467  0.8278205    0.9971429    0.9861538       0.9669855       0.9861538  0.8278205
  0.10   1.8  0.07786252  0.9955202  0.9426734  0.9686979  0.8767750  0.8947970  0.8261538    0.9971429    0.9850622       0.9667309       0.9850622  0.8261538
  0.10   2.0  0.07868021  0.9951612  0.9418357  0.9700170  0.8822316  0.8995326  0.8308974    0.9977778    0.9885470       0.9676106       0.9885470  0.8308974
  0.11   0.2  0.12007271  0.9858445  0.9236638  0.9472060  0.8148031  0.8465044  0.8678205    0.9630671    0.8334567       0.9735354       0.8334567  0.8678205
  0.11   0.4  0.09337275  0.9916849  0.9341244  0.9615363  0.8580649  0.8808249  0.8615385    0.9815566    0.9110698       0.9729265       0.9110698  0.8615385
  Detection_Rate  Balanced_Accuracy
  0.1474405       0.9150886        
  0.1498194       0.9332817        
  0.1498265       0.9366304        
  0.1503528       0.9412871        
  0.1498229       0.9401917        
  0.1514194       0.9475671        
  0.1492966       0.9418686        
  0.1490370       0.9416987        
  0.1477107       0.9381313        
  0.1458615       0.9329436        
  0.1463844       0.9146434        
  0.1482300       0.9295623        
  0.1493037       0.9367408        
  0.1492966       0.9386863        
  0.1479738       0.9365552        
  0.1490440       0.9410663        
  0.1471773       0.9367282        
  0.1442651       0.9283277        
  0.1448054       0.9304655        
  0.1471879       0.9363700        
  0.1463844       0.9149635        
  0.1461107       0.9235641        
  0.1485037       0.9338979        
  0.1469072       0.9321112        
  0.1453282       0.9315328        
  0.1455914       0.9329090        
  0.1442579       0.9287372        
  0.1432124       0.9264286        
  0.1429351       0.9245147        
  0.1418790       0.9225437        
  0.1461212       0.9161067        
  0.1469142       0.9276617        
  0.1458545       0.9282356        
  0.1453282       0.9291829        
  0.1450615       0.9297446        
  0.1429316       0.9248321        
  0.1437387       0.9272013        
  0.1424300       0.9237368        
  0.1429422       0.9259407        
  0.1408265       0.9193412        
  0.1453247       0.9136657        
  0.1461177       0.9243324        
  0.1437317       0.9230977        
  0.1432089       0.9237943        
  0.1421598       0.9228755        
  0.1421493       0.9227137        
  0.1408265       0.9194999        
  0.1400229       0.9164316        
  0.1405633       0.9185745        
  0.1410825       0.9198260        
  0.1455879       0.9165086        
  0.1453247       0.9242159        
  0.1437387       0.9245340        
  0.1426826       0.9240272        
  0.1400229       0.9157967        
  0.1400229       0.9159554        
  0.1379000       0.9104976        
  0.1384404       0.9124817        
  0.1381703       0.9116484        
  0.1389596       0.9143376        
  0.1450580       0.9154438        
  0.1440019       0.9215475        
 [ reached getOption("max.print") -- omitted 18 rows ]

Balanced_Accuracy was used to select the optimal model using the largest value.
The final values used for the model were sigma = 0.05 and C = 1.2.

 # CV training metrics: overall and per class 
Confusion Matrix and Statistics

           Reference
Prediction  LowToMod ModToHigh
  LowToMod       571        33
  ModToHigh       59      3107
                                          
               Accuracy : 0.9756          
                 95% CI : (0.9702, 0.9803)
    No Information Rate : 0.8329          
    P-Value [Acc > NIR] : < 2.2e-16       
                                          
                  Kappa : 0.9109          
                                          
 Mcnemar's Test P-Value : 0.009149        
                                          
            Sensitivity : 0.9063          
            Specificity : 0.9895          
         Pos Pred Value : 0.9454          
         Neg Pred Value : 0.9814          
              Precision : 0.9454          
                 Recall : 0.9063          
                     F1 : 0.9254          
             Prevalence : 0.1671          
         Detection Rate : 0.1515          
   Detection Prevalence : 0.1602          
      Balanced Accuracy : 0.9479          
                                          
       'Positive' Class : LowToMod        
                                          

 # CV training macro-metrics 
               F1 Balanced Accuracy               AUC 
        0.9254457         0.9479198         0.9952000 

 # Best hyperparameter results 
  sigma   C Balanced_Accuracy Balanced_AccuracySD       AUC       AUCSD
6  0.05 1.2         0.9475671           0.0417384 0.9955884 0.006078352
