CLASSIFICATION: ER_level 
 
 # CV training metrics: per fold 
Support Vector Machines with Radial Basis Function Kernel 

377 samples
 20 predictor
  4 classes: 'Neg', 'LowPos', 'ModPos', 'HighPos' 

No pre-processing
Resampling: Cross-Validated (5 fold, repeated 10 times) 
Summary of sample sizes: 302, 301, 303, 302, 300, 301, ... 
Addtional sampling using up-sampling

Resampling results across tuning parameters:

  sigma  C    logLoss    AUC        prAUC      Accuracy   Kappa      Mean_F1    Mean_Sensitivity  Mean_Specificity  Mean_Pos_Pred_Value  Mean_Neg_Pred_Value
  0.05   0.2  0.9133957  0.7318263  0.4244408  0.5786345  0.2436802  0.4626452  0.4567612         0.8355805         0.4237536            0.8058401          
  0.05   0.4  0.8940188  0.7288574  0.4309411  0.6234264  0.2776140  0.4859433  0.4634320         0.8434231         0.4507484            0.8148446          
  0.05   0.6  0.8883448  0.7353978  0.4365901  0.6437724  0.2922751  0.4987380  0.4558782         0.8473023         0.4521901            0.8193682          
  0.05   0.8  0.8780587  0.7381422  0.4371549  0.6689082  0.3088120  0.5357973  0.4473214         0.8481597         0.4617217            0.8256598          
  0.05   1.0  0.9004593  0.7403555  0.4373631  0.6810835  0.3199906  0.5114277  0.4499781         0.8510767         0.4540476            0.8297638          
  0.05   1.2  0.8636705  0.7467973  0.4442809  0.6848358  0.3251717  0.5361390  0.4531464         0.8511485         0.4674268            0.8301452          
  0.05   1.4  0.8684853  0.7491536  0.4466863  0.6843695  0.3180831  0.5230645  0.4439954         0.8474283         0.4619692            0.8286146          
  0.05   1.6  0.8609888  0.7487535  0.4436871  0.7034196  0.3400215  0.5373491  0.4549770         0.8518075         0.4702283            0.8357679          
  0.05   1.8  0.8542634  0.7547111  0.4488514  0.7023892  0.3388512  0.5424896  0.4542873         0.8517760         0.4754348            0.8359884          
  0.05   2.0  0.8467859  0.7578537  0.4492703  0.6979314  0.3311887  0.5448955  0.4591646         0.8474995         0.4837502            0.8316814          
  0.06   0.2  0.9124306  0.7249109  0.4204076  0.5812929  0.2370372  0.4681527  0.4422483         0.8328049         0.4341064            0.8043602          
  0.06   0.4  0.8883749  0.7300935  0.4284369  0.6328799  0.2776262  0.5088894  0.4455811         0.8426052         0.4476777            0.8159329          
  0.06   0.6  0.8527083  0.7383711  0.4378464  0.6652573  0.3018784  0.5266694  0.4431589         0.8457767         0.4514585            0.8235283          
  0.06   0.8  0.8511750  0.7433227  0.4441833  0.6701083  0.3092891  0.5207704  0.4504464         0.8469818         0.4596626            0.8251865          
  0.06   1.0  0.8543451  0.7485905  0.4434736  0.6905080  0.3248645  0.5442375  0.4489693         0.8489645         0.4605110            0.8308150          
  0.06   1.2  0.8615882  0.7487455  0.4452968  0.6973248  0.3260145  0.5370195  0.4434169         0.8476259         0.4715262            0.8325982          
  0.06   1.4  0.8570547  0.7531637  0.4493807  0.6986233  0.3257689  0.5598482  0.4405373         0.8473615         0.4577120            0.8324392          
  0.06   1.6  0.8553383  0.7544340  0.4505065  0.7104454  0.3474203  0.5536205  0.4551133         0.8523175         0.4740600            0.8382853          
  0.06   1.8  0.8664811  0.7547653  0.4477918  0.7037435  0.3342465  0.5487664  0.4474796         0.8488625         0.4670243            0.8353314          
  0.06   2.0  0.8516518  0.7540484  0.4493180  0.7116561  0.3394935  0.5458091  0.4477919         0.8487063         0.4752713            0.8374207          
  0.07   0.2  0.8969105  0.7303758  0.4210296  0.6092188  0.2598826  0.4664092  0.4507018         0.8373376         0.4366969            0.8105296          
  0.07   0.4  0.8681269  0.7315510  0.4300421  0.6396119  0.2745836  0.5007583  0.4351895         0.8396178         0.4418982            0.8158014          
  0.07   0.6  0.8737169  0.7373214  0.4327539  0.6679001  0.2969726  0.5282574  0.4344873         0.8442621         0.4496574            0.8238519          
  0.07   0.8  0.8480241  0.7424935  0.4378801  0.6869705  0.3123159  0.5208189  0.4399911         0.8446150         0.4674911            0.8279466          
  0.07   1.0  0.8589638  0.7493062  0.4471962  0.6943743  0.3175625  0.5530302  0.4305942         0.8446210         0.4552259            0.8309283          
  0.07   1.2  0.8618608  0.7514148  0.4408328  0.7039746  0.3276148  0.5490519  0.4413612         0.8461174         0.4741474            0.8345531          
  0.07   1.4  0.8593661  0.7528583  0.4456112  0.7029881  0.3222966  0.5601161  0.4401029         0.8430400         0.4677914            0.8323083          
  0.07   1.6  0.8340709  0.7527093  0.4445537  0.7148805  0.3349358  0.5500352  0.4417836         0.8456942         0.4728926            0.8368605          
  0.07   1.8  0.8613674  0.7506320  0.4431277  0.7124837  0.3333999  0.5510009  0.4374394         0.8458122         0.4713514            0.8368741          
  0.07   2.0  0.8676379  0.7493664  0.4436589  0.7130391  0.3363218  0.5376830  0.4418338         0.8458981         0.4653969            0.8366705          
  0.08   0.2  0.8946207  0.7310160  0.4228556  0.6082435  0.2606039  0.4727324  0.4489072         0.8382063         0.4381342            0.8107717          
  0.08   0.4  0.8585084  0.7323230  0.4300868  0.6611503  0.2978612  0.4996113  0.4455383         0.8448474         0.4502025            0.8218796          
  0.08   0.6  0.8652099  0.7415355  0.4389411  0.6718810  0.2912890  0.5353327  0.4243092         0.8398057         0.4483993            0.8226442          
  0.08   0.8  0.8627344  0.7427291  0.4357462  0.6909696  0.3135920  0.5294602  0.4356360         0.8439658         0.4568488            0.8290137          
  0.08   1.0  0.8487364  0.7492027  0.4422711  0.7087833  0.3300691  0.5643632  0.4415648         0.8450394         0.4747216            0.8354626          
  0.08   1.2  0.8711017  0.7483051  0.4423798  0.7051114  0.3201364  0.5532506  0.4321778         0.8427248         0.4646894            0.8326286          
  0.08   1.4  0.8660568  0.7459851  0.4401230  0.7045785  0.3113436  0.5291832  0.4251102         0.8380248         0.4526165            0.8316377          
  0.08   1.6  0.8533859  0.7477978  0.4407685  0.7071964  0.3244356  0.5454224  0.4349629         0.8431092         0.4678376            0.8349975          
  0.08   1.8  0.8618502  0.7504044  0.4432402  0.7197145  0.3401517  0.5448166  0.4419920         0.8455255         0.4704460            0.8388507          
  0.08   2.0  0.8476800  0.7497340  0.4400696  0.7207039  0.3416740  0.5512424  0.4402679         0.8459672         0.4664805            0.8402427          
  0.09   0.2  0.8954374  0.7266556  0.4212183  0.6143519  0.2534747  0.4756064  0.4366223         0.8343594         0.4313984            0.8086656          
  0.09   0.4  0.8683856  0.7351463  0.4308952  0.6642449  0.2888928  0.5138899  0.4329266         0.8412324         0.4530579            0.8201104          
  0.09   0.6  0.8683683  0.7410844  0.4371314  0.6889318  0.3045886  0.5226924  0.4307670         0.8408776         0.4608505            0.8270103          
  0.09   0.8  0.8747700  0.7424099  0.4361212  0.6960903  0.3044486  0.5281965  0.4191902         0.8393562         0.4526762            0.8296731          
  0.09   1.0  0.8893894  0.7405813  0.4350668  0.7042869  0.3089463  0.5163901  0.4165758         0.8385842         0.4522585            0.8309071          
  0.09   1.2  0.8782225  0.7445094  0.4395028  0.7127487  0.3172145  0.5374294  0.4202773         0.8387101         0.4633944            0.8342372          
  0.09   1.4  0.8736174  0.7458035  0.4398896  0.7193484  0.3320249  0.5293985  0.4282733         0.8442387         0.4614204            0.8392404          
  0.09   1.6  0.8754297  0.7453426  0.4407275  0.7228870  0.3375759  0.5441450  0.4406924         0.8435882         0.4736548            0.8393351          
  0.09   1.8  0.8945767  0.7428853  0.4368117  0.7202013  0.3338006  0.5322177  0.4302574         0.8433617         0.4573643            0.8400348          
  0.09   2.0  0.9057307  0.7467009  0.4367310  0.7221215  0.3323864  0.5370329  0.4322572         0.8421809         0.4526829            0.8397511          
  0.10   0.2  0.8914640  0.7249135  0.4184617  0.6287718  0.2696478  0.4745536  0.4371679         0.8388548         0.4370297            0.8139862          
  0.10   0.4  0.8506923  0.7327295  0.4331362  0.6748211  0.2890852  0.5283525  0.4211095         0.8379670         0.4442967            0.8218494          
  0.10   0.6  0.8624771  0.7380524  0.4361453  0.6979571  0.3124971  0.5695358  0.4267377         0.8422181         0.4564399            0.8309517          
  0.10   0.8  0.8677860  0.7411158  0.4374088  0.7008737  0.3089584  0.5433752  0.4196444         0.8388347         0.4566179            0.8304610          
  0.10   1.0  0.8775938  0.7407177  0.4365180  0.7135557  0.3169143  0.5622595  0.4177945         0.8383901         0.4686955            0.8351029          
  0.10   1.2  0.8886496  0.7450095  0.4345733  0.7217806  0.3288071  0.5642981  0.4237275         0.8410389         0.4634522            0.8390399          
  0.10   1.4  0.8798771  0.7462260  0.4375634  0.7215777  0.3315740  0.5308818  0.4222906         0.8424050         0.4604964            0.8402846          
  0.10   1.6  0.8927391  0.7460917  0.4357279  0.7223470  0.3276721  0.5271664  0.4234999         0.8408378         0.4546614            0.8395528          
  0.10   1.8  0.9186877  0.7411243  0.4342597  0.7318914  0.3440287  0.5422970  0.4313215         0.8436980         0.4643133            0.8450023          
  0.10   2.0  0.9173295  0.7418160  0.4344842  0.7281858  0.3349580  0.5281839  0.4302146         0.8422740         0.4622128            0.8414351          
  0.11   0.2  0.8742220  0.7256015  0.4241149  0.6272274  0.2580765  0.4828739  0.4300486         0.8331136         0.4388715            0.8113021          
  0.11   0.4  0.8716271  0.7370365  0.4308369  0.6825229  0.3008216  0.5296898  0.4344267         0.8397851         0.4674624            0.8250340          
  Mean_Precision  Mean_Recall  Mean_Detection_Rate  Mean_Balanced_Accuracy
  0.4237536       0.4567612    0.1446586            0.6461708             
  0.4507484       0.4634320    0.1558566            0.6534275             
  0.4521901       0.4558782    0.1609431            0.6515903             
  0.4617217       0.4473214    0.1672270            0.6477406             
  0.4540476       0.4499781    0.1702709            0.6505274             
  0.4674268       0.4531464    0.1712089            0.6521474             
  0.4619692       0.4439954    0.1710924            0.6457119             
  0.4702283       0.4549770    0.1758549            0.6533923             
  0.4754348       0.4542873    0.1755973            0.6530316             
  0.4837502       0.4591646    0.1744829            0.6533320             
  0.4341064       0.4422483    0.1453232            0.6375266             
  0.4476777       0.4455811    0.1582200            0.6440932             
  0.4514585       0.4431589    0.1663143            0.6444678             
  0.4596626       0.4504464    0.1675271            0.6487141             
  0.4605110       0.4489693    0.1726270            0.6489669             
  0.4715262       0.4434169    0.1743312            0.6455214             
  0.4577120       0.4405373    0.1746558            0.6439494             
  0.4740600       0.4551133    0.1776113            0.6537154             
  0.4670243       0.4474796    0.1759359            0.6481711             
  0.4752713       0.4477919    0.1779140            0.6482491             
  0.4366969       0.4507018    0.1523047            0.6440197             
  0.4418982       0.4351895    0.1599030            0.6374037             
  0.4496574       0.4344873    0.1669750            0.6393747             
  0.4674911       0.4399911    0.1717426            0.6423031             
  0.4552259       0.4305942    0.1735936            0.6376076             
  0.4741474       0.4413612    0.1759936            0.6437393             
  0.4677914       0.4401029    0.1757470            0.6415714             
  0.4728926       0.4417836    0.1787201            0.6437389             
  0.4713514       0.4374394    0.1781209            0.6416258             
  0.4653969       0.4418338    0.1782598            0.6438659             
  0.4381342       0.4489072    0.1520609            0.6435567             
  0.4502025       0.4455383    0.1652876            0.6451928             
  0.4483993       0.4243092    0.1679702            0.6320575             
  0.4568488       0.4356360    0.1727424            0.6398009             
  0.4747216       0.4415648    0.1771958            0.6433021             
  0.4646894       0.4321778    0.1762778            0.6374513             
  0.4526165       0.4251102    0.1761446            0.6315675             
  0.4678376       0.4349629    0.1767991            0.6390361             
  0.4704460       0.4419920    0.1799286            0.6437587             
  0.4664805       0.4402679    0.1801760            0.6431175             
  0.4313984       0.4366223    0.1535880            0.6354908             
  0.4530579       0.4329266    0.1660612            0.6370795             
  0.4608505       0.4307670    0.1722329            0.6358223             
  0.4526762       0.4191902    0.1740226            0.6292732             
  0.4522585       0.4165758    0.1760717            0.6275800             
  0.4633944       0.4202773    0.1781872            0.6294937             
  0.4614204       0.4282733    0.1798371            0.6362560             
  0.4736548       0.4406924    0.1807218            0.6421403             
  0.4573643       0.4302574    0.1800503            0.6368096             
  0.4526829       0.4322572    0.1805304            0.6372190             
  0.4370297       0.4371679    0.1571930            0.6380114             
  0.4442967       0.4211095    0.1687053            0.6295383             
  0.4564399       0.4267377    0.1744893            0.6344779             
  0.4566179       0.4196444    0.1752184            0.6292395             
  0.4686955       0.4177945    0.1783889            0.6280923             
  0.4634522       0.4237275    0.1804452            0.6323832             
  0.4604964       0.4222906    0.1803944            0.6323478             
  0.4546614       0.4234999    0.1805867            0.6321688             
  0.4643133       0.4313215    0.1829728            0.6375098             
  0.4622128       0.4302146    0.1820465            0.6362443             
  0.4388715       0.4300486    0.1568069            0.6315811             
  0.4674624       0.4344267    0.1706307            0.6371059             
 [ reached getOption("max.print") -- omitted 18 rows ]

Mean_Balanced_Accuracy was used to select the optimal model using the largest value.
The final values used for the model were sigma = 0.06 and C = 1.6.

 # CV training metrics: overall and per class 
Confusion Matrix and Statistics

          Reference
Prediction  Neg LowPos ModPos HighPos
   Neg      300     50     41      30
   LowPos    14     12     21      50
   ModPos    45     19     76     480
   HighPos   61     49    232    2290

Overall Statistics
                                          
               Accuracy : 0.7103          
                 95% CI : (0.6956, 0.7248)
    No Information Rate : 0.756           
    P-Value [Acc > NIR] : 1               
                                          
                  Kappa : 0.3458          
                                          
 Mcnemar's Test P-Value : <2e-16          

Statistics by Class:

                     Class: Neg Class: LowPos Class: ModPos Class: HighPos
Sensitivity             0.71429      0.092308       0.20541         0.8035
Specificity             0.96388      0.976648       0.84000         0.6283
Pos Pred Value          0.71259      0.123711       0.12258         0.8701
Neg Pred Value          0.96417      0.967874       0.90667         0.5079
Precision               0.71259      0.123711       0.12258         0.8701
Recall                  0.71429      0.092308       0.20541         0.8035
F1                      0.71344      0.105727       0.15354         0.8355
Prevalence              0.11141      0.034483       0.09814         0.7560
Detection Rate          0.07958      0.003183       0.02016         0.6074
Detection Prevalence    0.11167      0.025729       0.16446         0.6981
Balanced Accuracy       0.83908      0.534478       0.52270         0.7159

 # CV training macro-metrics 
               F1 Balanced Accuracy               AUC 
        0.4520400         0.6530372         0.7530000 

 # Best hyperparameter results 
   sigma   C Mean_Balanced_Accuracy Mean_Balanced_AccuracySD      AUC      AUCSD
18  0.06 1.6              0.6537154               0.04537324 0.754434 0.04885016
