CLASSIFICATION: kmeans3 
 
 # CV training metrics: per fold 
Support Vector Machines with Radial Basis Function Kernel 

377 samples
 20 predictor
  3 classes: 'Low', 'Moderate', 'High' 

No pre-processing
Resampling: Cross-Validated (5 fold, repeated 10 times) 
Summary of sample sizes: 302, 301, 302, 302, 301, 303, ... 
Addtional sampling using up-sampling

Resampling results across tuning parameters:

  sigma  C    logLoss    AUC        prAUC      Accuracy   Kappa      Mean_F1    Mean_Sensitivity  Mean_Specificity  Mean_Pos_Pred_Value  Mean_Neg_Pred_Value
  0.05   1.0  0.3133681  0.9665638  0.9021027  0.8782933  0.7987176  0.8888584  0.8831165         0.9300712         0.8997677            0.9319114          
  0.05   1.2  0.2964431  0.9698453  0.9062490  0.8787567  0.7997757  0.8906977  0.8868991         0.9306131         0.8985682            0.9316309          
  0.05   1.4  0.2861480  0.9722433  0.9091478  0.8875117  0.8138098  0.8953242  0.8896435         0.9355553         0.9059626            0.9372159          
  0.05   1.6  0.2742319  0.9747720  0.9119838  0.8845957  0.8089555  0.8922296  0.8856576         0.9339556         0.9042886            0.9356427          
  0.05   1.8  0.2689457  0.9759687  0.9136995  0.8885819  0.8158352  0.8959314  0.8911752         0.9363167         0.9052163            0.9380910          
  0.05   2.0  0.2615226  0.9773066  0.9150487  0.8941757  0.8247870  0.9005674  0.8946927         0.9392751         0.9112681            0.9413722          
  0.05   2.2  0.2560320  0.9783013  0.9166735  0.8894210  0.8169155  0.8949646  0.8888883         0.9367467         0.9066626            0.9388248          
  0.05   2.4  0.2570288  0.9784902  0.9166936  0.8923017  0.8215435  0.8974916  0.8898650         0.9383250         0.9108107            0.9404426          
  0.05   2.6  0.2501312  0.9797825  0.9181331  0.8920872  0.8214859  0.8983014  0.8914505         0.9384771         0.9105228            0.9401630          
  0.05   2.8  0.2485457  0.9797843  0.9188454  0.8955476  0.8267752  0.9001544  0.8935794         0.9400015         0.9126585            0.9424594          
  0.05   3.0  0.2475773  0.9800008  0.9183981  0.8947577  0.8256213  0.8985532  0.8913461         0.9399454         0.9117358            0.9420037          
  0.06   1.0  0.3178653  0.9657597  0.9002298  0.8737315  0.7910293  0.8851237  0.8789464         0.9273166         0.8965863            0.9292567          
  0.06   1.2  0.3036114  0.9689153  0.9044333  0.8782341  0.7983968  0.8862483  0.8798463         0.9302161         0.8990001            0.9325315          
  0.06   1.4  0.2877598  0.9726135  0.9094826  0.8816939  0.8039571  0.8904662  0.8832756         0.9318364         0.9027689            0.9341745          
  0.06   1.6  0.2834597  0.9730956  0.9100036  0.8827535  0.8058424  0.8915267  0.8858736         0.9325936         0.9022552            0.9346691          
  0.06   1.8  0.2795843  0.9741092  0.9109696  0.8832618  0.8065032  0.8900583  0.8821786         0.9329911         0.9038534            0.9353062          
  0.06   2.0  0.2697527  0.9761351  0.9135928  0.8848944  0.8091262  0.8904490  0.8818411         0.9339189         0.9056681            0.9365826          
  0.06   2.2  0.2699636  0.9763269  0.9136924  0.8846239  0.8088728  0.8905880  0.8833389         0.9340151         0.9033873            0.9361486          
  0.06   2.4  0.2634837  0.9770251  0.9145827  0.8897115  0.8173269  0.8961898  0.8888975         0.9366853         0.9090560            0.9391015          
  0.06   2.6  0.2617849  0.9773107  0.9149653  0.8833427  0.8066735  0.8893632  0.8821943         0.9331419         0.9024708            0.9354209          
  0.06   2.8  0.2550376  0.9789297  0.9169031  0.8875746  0.8135814  0.8915514  0.8825895         0.9357015         0.9069548            0.9382017          
  0.06   3.0  0.2607198  0.9784082  0.9158463  0.8883569  0.8147361  0.8913052  0.8827092         0.9361066         0.9068939            0.9389326          
  0.07   1.0  0.3184610  0.9649351  0.8988480  0.8729630  0.7898071  0.8830189  0.8760104         0.9271360         0.8959901            0.9291359          
  0.07   1.2  0.3047513  0.9683797  0.9036890  0.8753497  0.7935955  0.8859197  0.8786285         0.9281779         0.8987296            0.9304460          
  0.07   1.4  0.2946958  0.9710332  0.9063689  0.8737529  0.7909641  0.8822863  0.8747854         0.9276972         0.8970223            0.9296867          
  0.07   1.6  0.2834090  0.9731771  0.9094894  0.8827363  0.8055324  0.8892564  0.8808332         0.9325061         0.9040269            0.9353569          
  0.07   1.8  0.2833545  0.9731018  0.9090093  0.8779637  0.7976791  0.8855048  0.8770902         0.9297419         0.9004272            0.9326747          
  0.07   2.0  0.2761970  0.9746895  0.9116978  0.8849568  0.8095468  0.8927096  0.8852498         0.9340505         0.9056362            0.9361517          
  0.07   2.2  0.2732856  0.9755034  0.9120528  0.8833254  0.8065673  0.8888624  0.8804385         0.9331435         0.9041061            0.9356320          
  0.07   2.4  0.2733494  0.9756254  0.9119084  0.8824934  0.8051842  0.8873712  0.8793012         0.9328308         0.9027717            0.9352757          
  0.07   2.6  0.2680709  0.9767619  0.9140167  0.8816798  0.8038727  0.8875472  0.8790620         0.9321827         0.9024377            0.9347917          
  0.07   2.8  0.2671487  0.9768315  0.9135649  0.8859599  0.8108491  0.8907843  0.8819193         0.9346938         0.9060026            0.9372458          
  0.07   3.0  0.2687744  0.9763495  0.9130707  0.8857219  0.8103756  0.8892179  0.8802726         0.9344901         0.9048716            0.9372950          
  0.08   1.0  0.3208587  0.9651948  0.8984518  0.8695355  0.7838858  0.8793186  0.8712394         0.9250342         0.8938485            0.9272217          
  0.08   1.2  0.3086016  0.9676605  0.9017731  0.8737426  0.7908437  0.8844005  0.8771047         0.9272723         0.8977313            0.9295033          
  0.08   1.4  0.3015713  0.9694143  0.9042114  0.8727073  0.7887645  0.8786289  0.8691910         0.9269985         0.8959528            0.9298352          
  0.08   1.6  0.2965379  0.9711123  0.9069214  0.8742860  0.7916688  0.8819646  0.8736194         0.9279927         0.8969070            0.9301923          
  0.08   1.8  0.2843800  0.9732148  0.9087642  0.8795705  0.8002884  0.8853430  0.8768230         0.9309667         0.9009535            0.9336494          
  0.08   2.0  0.2844180  0.9734938  0.9096381  0.8753356  0.7932174  0.8821381  0.8727975         0.9284013         0.8983726            0.9310759          
  0.08   2.2  0.2814710  0.9740982  0.9100219  0.8801457  0.8011595  0.8846015  0.8755404         0.9312633         0.9014390            0.9342613          
  0.08   2.4  0.2781198  0.9748693  0.9107448  0.8816934  0.8036073  0.8862892  0.8773272         0.9319288         0.9027437            0.9350840          
  0.08   2.6  0.2771737  0.9747360  0.9109640  0.8806543  0.8021599  0.8848202  0.8767635         0.9317905         0.9000616            0.9345655          
  0.08   2.8  0.2782580  0.9749766  0.9109303  0.8752858  0.7929572  0.8794856  0.8707592         0.9284833         0.8957814            0.9315771          
  0.08   3.0  0.2785071  0.9749362  0.9101179  0.8777065  0.7964853  0.8792232  0.8685196         0.9296642         0.8989001            0.9333313          
  0.09   1.0  0.3226934  0.9648249  0.8983067  0.8658010  0.7776549  0.8760318  0.8678682         0.9228408         0.8906095            0.9251607          
  0.09   1.2  0.3098571  0.9676925  0.9021271  0.8726896  0.7891440  0.8827030  0.8748961         0.9266930         0.8970079            0.9291887          
  0.09   1.4  0.3101232  0.9679786  0.9024552  0.8689491  0.7824499  0.8761014  0.8663073         0.9245895         0.8932569            0.9274692          
  0.09   1.6  0.3000657  0.9696071  0.9047129  0.8737285  0.7906289  0.8816653  0.8732192         0.9274007         0.8965890            0.9299196          
  0.09   1.8  0.2948215  0.9711942  0.9068963  0.8734970  0.7899478  0.8799355  0.8705301         0.9271093         0.8965777            0.9302096          
  0.09   2.0  0.2908333  0.9721203  0.9069052  0.8737101  0.7902443  0.8781660  0.8686149         0.9273646         0.8951163            0.9307734          
  0.09   2.2  0.2848374  0.9732000  0.9087177  0.8763951  0.7946864  0.8808997  0.8698576         0.9288921         0.8996790            0.9320548          
  0.09   2.4  0.2845967  0.9738870  0.9089801  0.8769488  0.7954653  0.8803454  0.8696092         0.9292045         0.8996929            0.9326837          
  0.09   2.6  0.2826175  0.9740158  0.9089475  0.8766474  0.7950864  0.8804674  0.8708621         0.9291032         0.8977013            0.9324053          
  0.09   2.8  0.2777756  0.9748852  0.9106712  0.8784998  0.7978399  0.8803384  0.8687619         0.9299747         0.9008140            0.9339820          
  0.09   3.0  0.2790359  0.9748095  0.9098180  0.8822089  0.8041783  0.8842464  0.8745518         0.9322325         0.9026536            0.9359998          
  0.10   1.0  0.3296519  0.9639171  0.8966874  0.8662750  0.7783552  0.8752217  0.8659612         0.9231343         0.8917954            0.9257868          
  0.10   1.2  0.3184354  0.9662181  0.9000165  0.8689698  0.7826900  0.8779358  0.8693240         0.9245424         0.8934873            0.9272842          
  0.10   1.4  0.3105653  0.9676153  0.9018070  0.8723915  0.7881673  0.8794365  0.8698593         0.9263651         0.8962511            0.9296493          
  0.10   1.6  0.3031817  0.9690847  0.9034083  0.8742547  0.7912452  0.8805552  0.8714370         0.9275511         0.8976747            0.9308509          
  0.10   1.8  0.2992389  0.9706402  0.9053051  0.8758554  0.7938204  0.8820879  0.8725503         0.9282933         0.8991542            0.9318252          
  0.10   2.0  0.2899984  0.9721437  0.9073753  0.8734726  0.7898561  0.8798038  0.8706082         0.9269475         0.8973673            0.9307204          
  0.10   2.2  0.2893904  0.9727924  0.9080196  0.8766440  0.7950230  0.8811743  0.8703542         0.9288763         0.8991092            0.9323460          
  Mean_Precision  Mean_Recall  Mean_Detection_Rate  Mean_Balanced_Accuracy
  0.8997677       0.8831165    0.2927644            0.9065938             
  0.8985682       0.8868991    0.2929189            0.9087561             
  0.9059626       0.8896435    0.2958372            0.9125994             
  0.9042886       0.8856576    0.2948652            0.9098066             
  0.9052163       0.8911752    0.2961940            0.9137460             
  0.9112681       0.8946927    0.2980586            0.9169839             
  0.9066626       0.8888883    0.2964737            0.9128175             
  0.9108107       0.8898650    0.2974339            0.9140950             
  0.9105228       0.8914505    0.2973624            0.9149638             
  0.9126585       0.8935794    0.2985159            0.9167905             
  0.9117358       0.8913461    0.2982526            0.9156457             
  0.8965863       0.8789464    0.2912438            0.9031315             
  0.8990001       0.8798463    0.2927447            0.9050312             
  0.9027689       0.8832756    0.2938980            0.9075560             
  0.9022552       0.8858736    0.2942512            0.9092336             
  0.9038534       0.8821786    0.2944206            0.9075849             
  0.9056681       0.8818411    0.2949648            0.9078800             
  0.9033873       0.8833389    0.2948746            0.9086770             
  0.9090560       0.8888975    0.2965705            0.9127914             
  0.9024708       0.8821943    0.2944476            0.9076681             
  0.9069548       0.8825895    0.2958582            0.9091455             
  0.9068939       0.8827092    0.2961190            0.9094079             
  0.8959901       0.8760104    0.2909877            0.9015732             
  0.8987296       0.8786285    0.2917832            0.9034032             
  0.8970223       0.8747854    0.2912510            0.9012413             
  0.9040269       0.8808332    0.2942454            0.9066696             
  0.9004272       0.8770902    0.2926546            0.9034160             
  0.9056362       0.8852498    0.2949856            0.9096502             
  0.9041061       0.8804385    0.2944418            0.9067910             
  0.9027717       0.8793012    0.2941645            0.9060660             
  0.9024377       0.8790620    0.2938933            0.9056223             
  0.9060026       0.8819193    0.2953200            0.9083066             
  0.9048716       0.8802726    0.2952406            0.9073813             
  0.8938485       0.8712394    0.2898452            0.8981368             
  0.8977313       0.8771047    0.2912475            0.9021885             
  0.8959528       0.8691910    0.2909024            0.8980947             
  0.8969070       0.8736194    0.2914287            0.9008060             
  0.9009535       0.8768230    0.2931902            0.9038949             
  0.8983726       0.8727975    0.2917785            0.9005994             
  0.9014390       0.8755404    0.2933819            0.9034019             
  0.9027437       0.8773272    0.2938978            0.9046280             
  0.9000616       0.8767635    0.2935514            0.9042770             
  0.8957814       0.8707592    0.2917619            0.8996213             
  0.8989001       0.8685196    0.2925688            0.8990919             
  0.8906095       0.8678682    0.2886003            0.8953545             
  0.8970079       0.8748961    0.2908965            0.9007945             
  0.8932569       0.8663073    0.2896497            0.8954484             
  0.8965890       0.8732192    0.2912428            0.9003099             
  0.8965777       0.8705301    0.2911657            0.8988197             
  0.8951163       0.8686149    0.2912367            0.8979897             
  0.8996790       0.8698576    0.2921317            0.8993748             
  0.8996929       0.8696092    0.2923163            0.8994069             
  0.8977013       0.8708621    0.2922158            0.8999826             
  0.9008140       0.8687619    0.2928333            0.8993683             
  0.9026536       0.8745518    0.2940696            0.9033922             
  0.8917954       0.8659612    0.2887583            0.8945477             
  0.8934873       0.8693240    0.2896566            0.8969332             
  0.8962511       0.8698593    0.2907972            0.8981122             
  0.8976747       0.8714370    0.2914182            0.8994940             
  0.8991542       0.8725503    0.2919518            0.9004218             
  0.8973673       0.8706082    0.2911575            0.8987778             
  0.8991092       0.8703542    0.2922147            0.8996152             
 [ reached getOption("max.print") -- omitted 26 rows ]

Mean_Balanced_Accuracy was used to select the optimal model using the largest value.
The final values used for the model were sigma = 0.05 and C = 2.

 # CV training metrics: overall and per class 
Confusion Matrix and Statistics

          Reference
Prediction  Low Moderate High
  Low       488       17    0
  Moderate   50     1235  162
  High        2      168 1648

Overall Statistics
                                          
               Accuracy : 0.8942          
                 95% CI : (0.8839, 0.9038)
    No Information Rate : 0.4801          
    P-Value [Acc > NIR] : < 2.2e-16       
                                          
                  Kappa : 0.825           
                                          
 Mcnemar's Test P-Value : 0.0003702       

Statistics by Class:

                     Class: Low Class: Moderate Class: High
Sensitivity              0.9037          0.8697      0.9105
Specificity              0.9947          0.9098      0.9133
Pos Pred Value           0.9663          0.8535      0.9065
Neg Pred Value           0.9841          0.9204      0.9170
Precision                0.9663          0.8535      0.9065
Recall                   0.9037          0.8697      0.9105
F1                       0.9340          0.8615      0.9085
Prevalence               0.1432          0.3767      0.4801
Detection Rate           0.1294          0.3276      0.4371
Detection Prevalence     0.1340          0.3838      0.4822
Balanced Accuracy        0.9492          0.8898      0.9119

 # CV training macro-metrics 
               F1 Balanced Accuracy               AUC 
        0.9013295         0.9169514         0.9767000 

 # Best hyperparameter results 
  sigma C Mean_Balanced_Accuracy Mean_Balanced_AccuracySD       AUC      AUCSD
6  0.05 2              0.9169839               0.03113018 0.9773066 0.01038906
